6,115
6,114
6,113
6,112
6,111
6,110
6,109
6,108
6,107
6,106
6,105
6,104
6,103
6,102
6,101
6,100
6,99
6,98
6,97
6,96
6,95
6,94
6,93
6,92
6,91
6,90
6,89
6,88
6,87
6,86
6,85
6,84
6,83
6,82
6,81
6,80
6,79
6,78
6,77
6,76
6,75
6,74
6,73
6,72
6,71
6,70
6,69
6,68
6,67
6,66
6,65
6,64
6,35
6,34
6,33
6,32
6,31
6,30
6,29
6,28
6,27
6,26
6,25
6,24
6,23
6,22
6,21
6,20
6,19
6,18
6,17
6,16
6,15
6,14
6,13
6,12
6,11
6,10
6,9
6,8
6,7
6,6
6,5
6,4
6,3
6,2
6,1
6,0
5,3
5,2
5,1
5,0
4,3
4,2
4,1
4,0
3,6
3,5
3,4
3,3
3,2
3,1
3,0
2,5
2,4
2,3
2,2
2,1
2,0
1,3
1,2
1,1
1,0
0,408
0,322
0,243
0,9
0,1
0,0
0,310
0,305
0,308
0,304
0,303
0,302
0,307
0,12
0,10
0,8
0,405
0,300
0,404
0,299
0,298
0,297
0,296
0,295
0,403
0,294
0,402
0,293
0,401
0,292
0,400
0,291
0,290
0,399
0,289
0,398
0,288
0,397
0,287
0,396
0,286
0,285
0,395
0,284
0,394
0,283
0,393
0,282
0,392
0,281
0,280
0,391
0,279
0,390
0,278
0,389
0,277
0,388
0,276
0,427
6,116
6,117
6,119
6,120
6,122
6,123
6,125
6,127
6,128
6,130
6,131
6,133
6,135
6,136
6,138
6,139
6,141
6,142
6,144
6,146
6,147
6,149
6,150
6,152
6,154
6,155
6,157
6,158
6,160
6,161
6,163
6,165
6,166
6,168
6,169
6,171
6,173
6,174
6,176
6,177
6,179
6,180
6,182
6,184
6,185
6,187
6,188
6,190
6,192
6,193
6,195
6,196
6,198
6,200
6,201
6,203
6,204
6,206
6,207
6,209
6,211
6,212
6,214
6,215
6,217
6,219
6,220
6,222
6,223
6,225
6,226
6,228
6,230
6,231
6,233
6,234
6,236
6,238
6,239
6,241
6,242
6,244
6,245
6,247
6,249
6,250
6,252
6,253
7,0
7,2
7,3
7,5
8,0
8,2
9,0
9,1
9,3
9,4
10,0
10,1
10,3
11,1
11,2
11,4
11,5
12,1
12,3
12,4
12,6
13,0
13,2
13,3
13,5
14,1
14,2
15,0
15,1
15,3
15,5
16,0
16,2
16,3
16,5
16,6
16,8
16,10
16,11
16,13
16,14
16,16
16,18
16,19
17,0
17,1
17,3
18,0
18,2
18,4
18,5
19,1
19,2
19,4
19,6
19,7
20,1
20,2
20,4
21,1
21,2
22,0
22,1
22,3
23,0
23,2
23,4
24,0
24,2
24,3
24,5
25,1
25,2
26,0
26,1
26,3
26,4
26,6
26,8
26,9
26,11
27,0
27,2
27,4
27,5
28,1
28,2
28,4
28,5
29,1
29,3
29,4
29,6
29,5
29,2
29,0
28,3
28,0
27,3
27,1
26,10
26,7
26,5
26,2
25,3
25,0
24,4
24,1
23,3
23,1
22,2
21,3
21,0
20,3
20,0
19,5
19,3
19,0
18,3
18,1
17,2
16,20
16,17
16,15
16,12
16,9
16,7
16,4
16,1
15,4
15,2
14,3
14,0
13,4
13,1
12,5
12,2
12,0
11,3
11,0
10,2
9,5
9,2
8,3
8,1
7,4
7,1
6,254
6,251
6,248
6,246
6,243
6,240
6,237
6,235
6,232
6,229
6,227
6,224
6,221
6,218
6,216
6,213
6,210
6,208
6,205
6,202
6,199
6,197
6,194
6,191
6,189
6,186
6,183
6,181
6,178
6,175
6,172
6,170
6,167
6,164
6,162
6,159
6,156
6,153
6,151
6,148
6,145
6,143
6,140
6,137
6,134
6,132
6,129
6,126
6,124
6,121
6,118
0,275
0,387
0,274
0,386
0,273
0,385
0,272
0,384
0,271
0,426
0,270
0,383
0,269
0,382
0,268
0,366
0,267
0,365
0,266
0,425
0,265
0,424
0,264
0,423
0,263
0,381
0,262
0,380
0,261
0,379
0,260
0,378
0,259
0,422
0,258
0,421
0,257
0,377
0,256
0,376
0,255
0,375
0,254
0,374
0,253
0,252
0,251
0,373
0,250
0,372
0,249
0,371
0,248
0,370
0,247
0,420
0,246
0,419
0,245
0,369
0,244
0,368
0,242
0,367
0,241
0,418
0,240
0,417
0,239
0,364
0,238
0,363
0,237
0,362
0,236
0,361
0,235
0,416
0,234
0,360
0,233
0,359
0,232
0,358
0,231
0,357
0,230
0,415
0,229
0,356
0,228
0,355
0,227
0,354
0,226
0,353
0,225
0,414
0,224
0,352
0,223
0,351
0,222
0,350
0,221
0,349
0,220
0,413
0,219
0,348
0,218
0,347
0,217
0,346
0,216
0,345
0,215
0,412
0,214
0,344
0,213
0,343
0,212
0,342
0,211
0,341
0,210
0,411
0,209
0,410
0,208
0,340
0,207
0,339
0,206
0,338
0,205
0,337
0,204
0,409
0,203
0,336
0,202
0,335
0,201
0,334
0,200
0,333
0,199
0,407
0,198
0,332
0,197
0,331
0,196
0,330
0,195
0,329
0,194
0,406
0,193
0,328
0,192
0,327
0,63
0,326
0,62
0,325
0,61
0,324
0,60
0,323
0,59
0,321
0,58
0,320
0,57
0,56
0,319
0,55
0,318
0,54
0,317
0,53
0,316
0,52
0,315
0,51
0,314
0,50
0,313
0,49
0,312
0,48
0,311
0,47
0,309
0,46
0,306
0,45
0,301
0,6
0,5
0,11
0,4
0,2
0,3
0,7
